0
0
0
287
311
0
332
312
359
325
325
0
0
0
299
297
0
517
504
500
479
460
446
436
383
0
422
417
725
694
0
393
418
426
431
436
451
452
429
425
433
0
429
420
368
298
291
237
229
373
422
347
425
419
408
375
214
143
20
343
336
394
376
308
21
234
319
336
329
338
346
307
283
261
264
287
291
254
188
281
279
268
167
327
237
267
324
332
324
312
322
328
323
331
323
322
326
328
322
322
325
319
319
329
326
329
266
210
355
334
330
317
314
253
144
130
321
148
148
558
567
558
543
588
571
564
553
546
552
539
525
515
512
503
495
510
548
541
530
528
535
520
504
511
512
488
372
402
425
409
458
509
496
507
506
502
494
492
492
483
478
476
476
0
460
428
317
405
387
286
11
314
317
323
320
305
264
165
0
376
284
286
224
220
224
226
267
148
257
269
327
322
405
449
447
431
431
421
298
371
391
